0	0
1	66
2	57
3	55
4	61
5	52
6	65
7	50
8	53
9	48
10	53
11	50
12	54
13	54
14	73
15	66
16	46
17	58
18	57
19	54
20	70
21	61
22	57
23	60
24	56
25	55
26	64
27	69
28	67
29	54
30	64
31	55
32	62
33	66
34	65
35	52
36	42
37	65
38	53
39	55
40	68
41	47
42	62
43	53
44	62
45	46
46	67
47	56
48	66
49	58
50	56
51	54
52	48
53	61
54	67
55	56
56	49
57	63
58	62
59	57
60	74
61	70
62	52
63	47
64	54
65	63
66	57
67	54
68	68
69	60
70	55
71	57
72	67
73	47
74	44
75	62
76	48
77	60
78	73
79	55
80	73
81	55
82	49
83	63
84	68
85	53
86	61
87	68
88	71
89	57
90	63
91	54
92	53
93	50
94	69
95	66
96	58
97	72
98	69
99	44
100	64
101	59
102	38
103	53
104	59
105	57
106	55
107	63
108	68
109	55
110	62
111	56
112	69
113	52
114	56
115	68
116	62
117	58
118	52
119	61
120	60
