1	47
2	56
3	56
4	52
5	66
6	42
7	53
8	47
9	47
10	58
11	40
12	53
13	52
14	56
15	56
16	49
17	51
18	46
19	50
20	52
21	52
22	53
23	43
24	49
25	43
26	40
27	43
28	38
29	54
30	40
31	40
32	39
33	27
34	36
35	41
36	38
37	42
38	40
39	41
40	44
41	33
42	45
43	45
44	31
45	39
46	36
47	51
48	54
49	47
50	48
51	36
52	38
53	41
54	30
55	42
56	34
57	24
58	41
59	26
60	44
61	45
62	32
63	45
64	30
65	34
66	28
67	41
68	37
69	39
70	36
71	39
72	35
73	37
74	25
75	27
76	21
77	26
78	34
79	32
80	35
81	41
82	28
83	25
84	31
85	33
86	27
87	41
88	27
89	36
90	39
91	29
92	25
93	37
94	38
95	27
96	33
97	24
98	28
99	23
100	30
101	22
102	31
103	28
104	26
105	26
106	32
107	34
108	26
109	23
110	23
111	29
112	32
113	37
114	37
115	29
116	13
117	29
118	19
119	30
120	27
121	21
122	27
123	26
124	25
125	20
126	20
127	38
128	22
129	18
130	31
131	21
132	23
133	21
134	36
135	23
136	27
137	32
138	19
139	23
140	24
141	23
142	12
143	28
144	29
145	27
146	21
147	22
148	27
149	24
150	24
151	16
152	28
153	25
154	23
155	15
156	20
157	24
158	16
159	20
160	20
161	22
162	24
163	21
164	21
165	30
166	17
167	20
168	19
169	29
170	28
171	13
172	20
173	21
174	15
175	25
176	20
177	13
178	22
179	17
180	25
181	19
182	26
183	15
184	14
185	18
186	18
187	17
188	20
189	19
190	15
191	13
192	27
193	17
194	25
195	18
196	13
197	28
198	25
199	21
200	26
201	15
202	23
203	16
204	21
205	9
206	20
207	20
208	16
209	18
210	22
211	20
212	16
213	23
214	13
215	20
216	15
217	18
218	18
219	22
220	16
221	15
222	21
223	18
224	19
225	20
226	13
227	17
228	15
229	21
230	20
231	16
232	22
233	17
234	21
235	24
236	23
237	24
238	11
239	13
240	25
241	17
242	21
243	19
244	21
245	19
246	11
247	14
248	24
249	14
250	14
251	20
252	21
253	24
254	24
255	13
256	18
257	19
258	18
259	14
260	23
261	16
262	8
263	15
264	23
265	9
266	24
267	11
268	25
269	29
270	14
271	19
272	14
273	16
274	16
275	18
276	21
277	19
278	17
279	19
280	19
281	15
282	15
283	18
284	11
285	26
286	12
287	19
288	17
289	21
290	19
291	17
292	14
293	16
294	22
295	16
296	21
297	11
298	22
299	12
300	14
